lms

good_mu = 0.00016085
normal_mu = 1.0147597267666466e-05
bad_mu_too_big = 0.016246303225534012
bad_mu_too_small = 3.86724666163628e-06

[(881971.0, 0.016246303225534012),
 (18304.0, 0.00016085448738152486),
 (38008.0, 8.08273792315125e-05),
 (56508.0, 5.3974429320711e-05),
 (72749.0, 4.051447188412472e-05),
 (92635.0, 3.242775094916968e-05),
 (110309.0, 2.7032118511703846e-05),
 (130616.0, 2.317589618478461e-05),
 (151328.0, 2.0282525874574297e-05),
 (172452.0, 1.8031413124899013e-05),
 (185470.0, 1.623007315238163e-05),
 (209649.0, 1.4755952066788385e-05),
 (233053.0, 1.3527313260228153e-05),
 (252120.0, 1.248755051924213e-05),
 (263189.0, 1.159621929017417e-05),
 (274311.0, 1.0823653048323791e-05),
 (303248.0, 1.0147597267666466e-05),
 (335283.0, 9.551030702841864e-06),
 (355826.0, 9.020712507237098e-06),
 (363851.0, 8.546187914536566e-06),
 (384036.0, 8.11909206673364e-06),
 (394182.0, 7.732652653752504e-06),
 (421744.0, 7.381328135181286e-06),
 (439838.0, 7.060540297928731e-06),
 (448455.0, 6.766473646619747e-06),
 (485368.0, 6.495922921045186e-06),
 (498283.0, 6.246175788363711e-06),
 (507718.0, 6.014921594051837e-06),
 (547566.0, 5.800179659240989e-06),
 (550282.0, 5.600242407974496e-06),
 (562850.0, 5.413629865222929e-06),
 (576790.0, 5.239052958895199e-06),
 (597433.0, 5.0753837005729495e-06),
 (620243.0, 4.921630786287189e-06),
 (655310.0, 4.7769195017741876e-06),
 (676417.0, 4.6404750715607e-06),
 (680338.0, 4.511608782430995e-06),
 (696031.0, 4.3897063565344535e-06),
 (724663.0, 4.274218159835309e-06),
 (737024.0, 4.1646509165685755e-06),
 (754965.0, 4.060560666216949e-06),
 (777200.0, 3.961546750922705e-06),
 (832834.0, 3.86724666163628e-06),
 (832834.0, 3.7773316032397143e-06),
 (860242.0, 3.6915026642885736e-06),
 (860242.0, 3.6094874973414824e-06),
 (862527.0, 3.531037432196047e-06),
 (878306.0, 3.4559249575694556e-06),
 (879446.0, 3.383941517503439e-06),
 (881207.0, 3.314895577542137e-06),
 (881762.0, 3.248610922922218e-06),
 (881762.0, 3.184925156936681e-06),
 (881898.0, 3.123688372531054e-06),
 (881898.0, 3.0647619742565576e-06),
 (881898.0, 3.008017631093133e-06),
 (881898.0, 2.953336343489186e-06),
 (881898.0, 2.900607610343512e-06),
 (881898.0, 2.849728683657957e-06),
 (881898.0, 2.8006039002816775e-06),
 (881898.0, 2.7531440816021033e-06),
 (881948.0, 2.7072659932567925e-06),
 (881948.0, 2.6628918579796774e-06),
 (881970.0, 2.6199489155836173e-06),
 (881970.0, 2.5783690248427254e-06),
 (881970.0, 2.5380883026923935e-06),
 (881970.0, 2.4990467967288126e-06),
 (881970.0, 2.4611881874767477e-06),
 (881971.0, 2.424459517315925e-06),
 (881994.0, 2.3888109433221604e-06),
 (881994.0, 2.3541955115974515e-06),
 (881996.0, 2.3205689509404387e-06),
 (882000.0, 2.287889483950713e-06),
 (882000.0, 2.2561176538722418e-06),
 (882000.0, 2.2252161656668965e-06),
 (882000.0, 2.1951497399721673e-06),
 (882000.0, 2.1658849787407026e-06),
 (882000.0, 2.1373902414858587e-06),
 (882000.0, 2.1096355311692003e-06),
 (882000.0, 2.0825923888647623e-06),
 (882000.0, 2.05623379642248e-06),
 (882000.0, 2.0305340864309476e-06),
 (882000.0, 2.0054688588487855e-06),
 (882000.0, 1.9810149037353996e-06),
 (882000.0, 1.9571501295668005e-06),
 (882000.0, 1.933853496671112e-06),
 (882000.0, 1.911104955362194e-06),
 (882000.0, 1.888885388389026e-06),
 (882000.0, 1.8671765573536389e-06),
 (882000.0, 1.8459610527819579e-06),
 (882000.0, 1.8252222475602755e-06),
 (882000.0, 1.8049442534756151e-06),
 (882000.0, 1.7851118806212516e-06),
 (882000.0, 1.765710599449409e-06),
 (882000.0, 1.7467265052719076e-06),
 (882000.0, 1.7281462850264879e-06),
 (882000.0, 1.709957186141881e-06),
 (882000.0, 1.6921469873486108e-06),
 (882000.0, 1.6747039712951255e-06),
 (882000.0, 1.6576168988403237e-06),
 (882000.0, 1.6408749849039503e-06)]
 
 normalized 
 good_mu = 0.00018175
normal_mu = 4.577704133455487e-05
bad_mu_too_big = 0.018356593575156503
bad_mu_too_small = 3.6639907335641725e-05
 
 [(881411.0, 0.018356593575156503),
 (180984.0, 0.0001817484512391733),
 (333955.0, 9.132633619480848e-05),
 (494770.0, 6.098536071480566e-05),
 (682053.0, 4.577704133455487e-05),
 (849087.0, 3.6639907335641725e-05),
 (881920.0, 3.0543416930376876e-05),
 (881992.0, 2.6186296112919408e-05),
 (881992.0, 2.2917095599446322e-05),
 (881992.0, 2.0373577774868486e-05),
 (881996.0, 1.8338255319836667e-05),
 (881996.0, 1.6672655381613538e-05),
 (881996.0, 1.5284424292386766e-05),
 (881996.0, 1.410960305546234e-05),
 (881996.0, 1.310249362966203e-05),
 (881996.0, 1.2229575999438044e-05),
 (881996.0, 1.1465704918898504e-05),
 (881996.0, 1.0791648192331866e-05),
 (881996.0, 1.019244507226902e-05),
 (881996.0, 9.656282785458445e-06),
 (882000.0, 9.173709932611947e-06),
 (882000.0, 8.737074524110664e-06),
 (882000.0, 8.340115209067018e-06),
 (882000.0, 7.977659093940246e-06),
 (882000.0, 7.645395075033945e-06),
 (882000.0, 7.339701549442824e-06),
 (882000.0, 7.0575138697256845e-06),
 (882000.0, 6.796221242190487e-06),
 (882000.0, 6.553585710516424e-06),
 (882000.0, 6.327677895607206e-06),
 (882000.0, 6.116825583191105e-06),
 (882000.0, 5.919572258999196e-06),
 (882000.0, 5.734643416168855e-06),
 (882000.0, 5.5609189867181175e-06),
 (882000.0, 5.397410636623494e-06),
 (882000.0, 5.243242952058413e-06),
 (882000.0, 5.0976377603878105e-06),
 (882000.0, 4.959900993017159e-06),
 (882000.0, 4.829411621982769e-06),
 (882000.0, 4.705612298168804e-06),
 (882000.0, 4.588001393440766e-06),
 (882000.0, 4.47612620706084e-06),
 (882000.0, 4.369577142384314e-06),
 (882000.0, 4.267982695921066e-06),
 (882000.0, 4.17100512955158e-06),
 (882000.0, 4.078336719652634e-06),
 (882000.0, 3.989696495361118e-06),
 (882000.0, 3.904827393141141e-06),
 (882000.0, 3.823493766956156e-06),
 (882000.0, 3.745479203255765e-06),
 (882000.0, 3.6705845981116786e-06),
 (882000.0, 3.5986264605286227e-06),
 (882000.0, 3.529435411489426e-06),
 (882000.0, 3.462854852887475e-06),
 (882000.0, 3.398739784328181e-06),
 (882000.0, 3.336955748983186e-06),
 (882000.0, 3.2773778923685957e-06),
 (882000.0, 3.219890120181811e-06),
 (882000.0, 3.1643843432436658e-06),
 (882000.0, 3.1107597992131003e-06),
 (882000.0, 3.0589224421190644e-06),
 (882000.0, 3.008784391928619e-06),
 (882000.0, 2.9602634373740532e-06),
 (882000.0, 2.913282586122283e-06),
 (882000.0, 2.8677696571092806e-06),
 (882000.0, 2.8236569104993856e-06),
 (882000.0, 2.7808807112795797e-06),
 (882000.0, 2.7393812229751537e-06),
 (882000.0, 2.699102128386488e-06),
 (882000.0, 2.6599903746060724e-06),
 (882000.0, 2.621995939888088e-06),
 (882000.0, 2.585071620216379e-06),
 (882000.0, 2.5491728336559513e-06),
 (882000.0, 2.5142574407829757e-06),
 (882000.0, 2.4802855796725447e-06),
 (882000.0, 2.4472195140856557e-06),
 (882000.0, 2.4150234936398505e-06),
 (882000.0, 2.383663624874238e-06),
 (882000.0, 2.353107752231317e-06),
 (882000.0, 2.323325348077016e-06),
 (882000.0, 2.294287410968192e-06),
 (882000.0, 2.2659663714549444e-06),
 (882000.0, 2.238336004774601e-06),
 (882000.0, 2.2113713498562227e-06),
 (882000.0, 2.1850486341098088e-06),
 (882000.0, 2.15934520352388e-06),
 (882000.0, 2.134239457639403e-06),
 (882000.0, 2.1097107890077584e-06),
 (882000.0, 2.0857395267761056e-06),
 (882000.0, 2.0623068840755538e-06),
 (882000.0, 2.0393949089163987e-06),
 (882000.0, 2.0169864383206795e-06),
 (882000.0, 1.9950650554457673e-06),
 (882000.0, 1.973615049473874e-06),
 (882000.0, 1.9526213780615365e-06),
 (882000.0, 1.9320696321604573e-06),
 (882000.0, 1.9119460030368196e-06),
 (882000.0, 1.8922372513304303e-06),
 (882000.0, 1.8729306780080098e-06),
 (882000.0, 1.8540140970767098e-06)]
 
 
 leaky
 
 good_mu = 0.00013504
normal_mu = 6.196848259487452e-0
bad_mu_too_big = 0.01363926301913188
bad_mu_too_small = 4.1318579276376495e-06
 
 [(881993.0, 0.01363926301913188),
 (23230.0, 0.00013504220811021665),
 (48788.0, 6.785702994592975e-05),
 (68138.0, 4.531316617651788e-05),
 (94441.0, 3.401312473598973e-05),
 (115181.0, 2.7224077882498765e-05),
 (133732.0, 2.269428122983674e-05),
 (160661.0, 1.9456865933141057e-05),
 (184106.0, 1.7027794031375632e-05),
 (212989.0, 1.5137916780390545e-05),
 (233212.0, 1.3625637381750131e-05),
 (254425.0, 1.238806813726783e-05),
 (316052.0, 1.1356588692033207e-05),
 (317050.0, 1.0483676417472621e-05),
 (342684.0, 9.735376887317546e-06),
 (359263.0, 9.086784156650153e-06),
 (405271.0, 8.519214877658888e-06),
 (424895.0, 8.018379199959954e-06),
 (440673.0, 7.573161032277557e-06),
 (482450.0, 7.174783282026239e-06),
 (482450.0, 6.816223397867007e-06),
 (529239.0, 6.491795820624408e-06),
 (544178.0, 6.196848259487452e-06),
 (573418.0, 5.927537166072091e-06),
 (594067.0, 5.680659316589705e-06),
 (613464.0, 5.453523798133499e-06),
 (650045.0, 5.243853525233326e-06),
 (650045.0, 5.049708633517912e-06),
 (722774.0, 4.869426283160257e-06),
 (722774.0, 4.701572912489445e-06),
 (722774.0, 4.544906037698061e-06),
 (777271.0, 4.398343443770358e-06),
 (777271.0, 4.260938150306742e-06),
 (827440.0, 4.1318579276376495e-06),
 (857364.0, 4.010368426678001e-06),
 (866280.0, 3.895819199980543e-06),
 (877820.0, 3.7876320519666428e-06),
 (877820.0, 3.6852912777984007e-06),
 (879565.0, 3.5883354430760012e-06),
 (879565.0, 3.4963504278728225e-06),
 (881874.0, 3.408963513904494e-06),
 (881874.0, 3.325838336779293e-06),
 (881887.0, 3.2466705591839754e-06),
 (881887.0, 3.1711841476707463e-06),
 (881887.0, 3.0991281570397365e-06),
 (881898.0, 3.0302739433752234e-06),
 (881957.0, 2.964412740519861e-06),
 (881992.0, 2.9013535458693644e-06),
 (881992.0, 2.840921270387811e-06),
 (881998.0, 2.7829551151054643e-06),
 (881998.0, 2.7273071423978967e-06),
 (881998.0, 2.6738410153169732e-06),
 (881998.0, 2.622430882355678e-06),
 (881999.0, 2.5729603884421585e-06),
 (881999.0, 2.5253217958029772e-06),
 (881999.0, 2.4794152007147573e-06),
 (881999.0, 2.435147834160307e-06),
 (881999.0, 2.3924334360869813e-06),
 (881999.0, 2.351191694385775e-06),
 (881999.0, 2.3113477409137234e-06),
 (881999.0, 2.2728316979056626e-06),
 (881999.0, 2.235578268993916e-06),
 (881999.0, 2.1995263698003357e-06),
 (881999.0, 2.1646187937044725e-06),
 (881999.0, 2.1308019089410842e-06),
 (881999.0, 2.0980253836535735e-06),
 (881999.0, 2.0662419359387793e-06),
 (881999.0, 2.035407106272479e-06),
 (881999.0, 2.0054790500120394e-06),
 (881999.0, 1.9764183479397017e-06),
 (881999.0, 1.9481878330426914e-06),
 (881999.0, 1.9207524319295706e-06),
 (881999.0, 1.8940790194600586e-06),
 (881999.0, 1.8681362853214464e-06),
 (881999.0, 1.8428946114216837e-06),
 (881999.0, 1.8183259590897055e-06),
 (881999.0, 1.794403765179829e-06),
 (881999.0, 1.7711028462708585e-06),
 (881999.0, 1.7483993102335445e-06),
 (881999.0, 1.7262704745135907e-06),
 (881999.0, 1.7046947905426672e-06),
 (881999.0, 1.6836517737479177e-06),
 (881999.0, 1.6631219386820974e-06),
 (881999.0, 1.6430867388425347e-06),
 (881999.0, 1.6235285107882252e-06),
 (881999.0, 1.6044304222011388e-06),
 (881999.0, 1.5857764235707338e-06),
 (881999.0, 1.567551203210192e-06),
 (881999.0, 1.5497401453393796e-06),
 (881999.0, 1.5323292909933582e-06),
 (881999.0, 1.5153053015367048e-06),
 (881999.0, 1.4986554245832195e-06),
 (881999.0, 1.4823674621380155e-06),
 (881999.0, 1.4664297407947405e-06),
 (881999.0, 1.4508310838348985e-06),
 (881999.0, 1.435560785089136e-06),
 (881999.0, 1.420608584432026e-06),
 (881999.0, 1.4059646447924834e-06),
 (881999.0, 1.3916195305715622e-06),
 (881999.0, 1.3775641873681325e-06)]